timestamps:
  login: 1669829275925
  logout: 1669829863924
  lastteleport: 1669829667686
ipAddress: 127.0.0.1
money: '0.0'
logoutlocation:
  world: Survival
  x: -118.35891775676741
  y: 63.0
  z: 7.202136086283076
  yaw: 311.41895
  pitch: 35.231247
lastlocation:
  world: Survival
  x: 25.5
  y: 64.0
  z: 252.5
  yaw: 0.0
  pitch: 0.0
