timestamps:
  login: 1669664478581
  logout: 1669664532325
ipAddress: 127.0.0.1
logoutlocation:
  world: world
  x: 321.81601762814483
  y: 6.0
  z: -661.0687500364278
  yaw: 271.05002
  pitch: 17.249994
