timestamps:
  login: 1669910834627
  logout: 1669910996390
ipAddress: 127.0.0.1
logoutlocation:
  world: world
  x: 157.71754782499897
  y: 4.0
  z: -662.4895771143279
  yaw: 164.1
  pitch: -29.550001
