timestamps:
  login: 1670452528744
  logout: 1670452776921
ipAddress: 127.0.0.1
logoutlocation:
  world: Fall
  x: 1248.03546715773
  y: 4.0
  z: -170.8007495181372
  yaw: 357.48212
  pitch: 17.399996
money: '20.0'
