timestamps:
  login: 1669323602112
  logout: 1669323604962
ipAddress: 127.0.0.1
logoutlocation:
  world: world
  x: 321.40150245623505
  y: 6.0
  z: -661.0722685961504
  yaw: 175.65001
  pitch: 60.300007
